4 4.928
5 8.072
6 11.606
7 15.836
8 20.768
9 26.932
10 33.322
20 132.92
30 300.232
40 534.902
50 830.368
60 1197.29
70 1632.294
80 2133.898
90 2689.162
100 3326.312
110 4031.712
120 4809.606
130 5626.868
140 6542.47
150 7488.734
160 8523.23
170 9655.16
180 10811.522
190 12050.698
200 13336.884
210 14717.104
220 16157.814
230 17656.398
240 19187.946
250 20845.262
260 22559.32
270 24276.078
280 26077.92
290 28003.008
300 30049.026
310 32026.346
320 34224.412
330 36327.5
340 38517.58
350 40843.386
360 43233.596
370 45609.754
380 48130.098
390 50698.442
400 53348.554
410 56043.11
420 58776.962
430 61640.952
440 64598.57
450 67554.02
460 70437.334
470 73618.31
480 76739.632
490 80029.004
500 83345.53
510 86729.986
520 90137.206
530 93709.058
540 97310.084
550 100998.662
560 104434.586
570 108351.78
580 112010.272
590 116059.868
600 120057.82
610 123957.398
620 127917.466
630 132312.83
640 136519.822
650 140731.674
660 145086.142
670 149517.116
680 154123.85
690 158562.372
700 163132.326
710 167931.924
720 172726.316
730 177435.914
740 182314.642
750 187491.192
760 192675.612
770 197569.522
780 202788.444
790 208206.092
800 213536.968
810 218690.198
820 224177.094
830 229474.548
840 234969.35
850 240727.838
860 246717.022
870 252084.386
880 258044.194
890 264164.708
900 270118.752
910 275753.832
920 282034.074
930 288347.924
940 294356.884
950 300714.426
960 307069.122
970 313502.582
980 319914.268
990 326567.59
1000 332954.168
1010 340272.13
1020 346526.654
1030 353787.826
1040 360697.7
1050 367498.196
1060 374594.778
1070 381880.214
1080 388884.338
1090 396062.68
1100 403566.422
1110 411120.118
1120 417989.26
1130 425722.126
1140 433503.032
1150 441227.756
1160 448685.114
1170 456218.582
1180 464328.618
1190 472258.166
1200 480057.27
1210 487771.76
1220 495781.518
1230 504231.584
1240 512337.512
1250 520513.262
1260 529395.682
1270 537548.146
1280 546330.566
1290 555275.972
1300 562934.604
1310 572173.998
1320 580787.39
1330 589151.368
1340 598425.5
1350 607337.688
1360 616697.172
1370 625590.262
1380 634236.05
1390 644500.276
1400 653823.938
1410 662873.928
1420 671938.262
1430 681894.478
1440 691076.814
1450 701175.83
1460 710192.624
1470 720639.86
1480 730331.124
1490 740198.722
1500 749801.878
1510 760182.316
1520 770344.208
1530 780547.05
1540 791099.308
1550 800912.982
1560 810821.546
1570 821438.13
1580 832697.032
1590 841944.226
1600 853243.344
1610 863542.158
1620 875037.274
1630 885851.236
1640 896996.17
1650 907371.288
1660 918408.554
1670 930584.682
1680 939915.508
1690 951994.804
1700 962680.45
1710 975113.114
1720 985676.98
1730 998236.67
1740 1010490.668
1750 1020890.392
1760 1032548.158
1770 1043548.838
1780 1057085.18
1790 1068503.828
1800 1079403.724
1810 1092694.988
1820 1103418.51
1830 1116125.536
1840 1128138.28
1850 1141081.972
1860 1152602.78
1870 1164991.486
1880 1177333.126
1890 1190133.528
1900 1203043.198
1910 1215197.974
1920 1229513.562
1930 1241171.56
1940 1254300.07
1950 1267831.922
1960 1281257.206
1970 1294611.276
1980 1306229.758
1990 1320735.414
2000 1334971.298
2040 1388773.614
2080 1442402.93
2120 1497594.812
2160 1554652.24
2200 1614100.064
2240 1672813.518
2280 1732312.458
2320 1793654.93
2360 1856819.564
2400 1919536.676
2440 1984989.284
2480 2050210.044
2520 2117111.832
2560 2184482.216
2600 2252151.552
2640 2322930.59
2680 2394256.384
2720 2467462.1
2760 2540687.558
2800 2613027.082
2840 2690186.59
2880 2766394.396
2920 2842295.198
2960 2920401.308
3000 2997705.392
3040 3079423.308
3080 3160605.536
3120 3243586.714
3160 3329649.306
3200 3412956.504
3240 3500916.074
3280 3587927.956
3320 3674546.948
3360 3761040.984
3400 3853864.114
3440 3945131.538
3480 4036105.444
3520 4128883.022
3560 4222075.338
3600 4321259.58
3640 4416442.752
3680 4516047.73
3720 4613058.738
3760 4712733.2
3800 4812561.196
3840 4917830.572
3880 5019216.618
3920 5122146.106
3960 5226243.462
4000 5334378.688
4040 5440126.29
4080 5549223.676
4120 5660198.816
4160 5767363.604
