4 2.3290719563890225
5 2.5795248669185944
6 2.827323974734846
7 3.0082722570760905
8 3.228324942777687
9 3.431972886418617
10 3.7037816922986884
20 5.1752000230848685
30 6.320526486118406
40 7.258448318556599
50 8.16844818166372
60 8.964332666495082
70 9.689127583459486
80 10.306338798670502
90 10.922612923355894
100 11.5195580510715
110 12.117975216853681
120 12.615774881158803
130 13.198174209446593
140 13.681213362212572
150 14.146531766285039
160 14.605678542314003
170 15.039305198944902
180 15.509686917029912
190 15.8976070728562
200 16.29781120271126
210 16.755500599805888
220 17.128378192361758
230 17.508894830107316
240 17.882514965638034
250 18.20634063368279
260 18.649675366218332
270 18.951421005514884
280 19.29886901536174
290 19.67272534144434
300 19.95714401980424
310 20.342466795445002
320 20.652352219932563
330 20.98474618610635
340 21.273176268284256
350 21.633128405829464
360 21.879839903357666
370 22.240294010917133
380 22.470216665820058
390 22.823469925979218
400 23.09331535071021
410 23.36707432439258
420 23.642156907502997
430 23.904755316632155
440 24.217041476722954
450 24.497133800051092
460 24.751761979978127
470 25.006926967793877
480 25.304766086485884
490 25.50480270931844
500 25.829960627310246
510 26.113066065676538
520 26.36061069467602
530 26.586162786831775
540 26.81740943589928
550 27.10362642724399
560 27.351436386538467
570 27.59420218895273
580 27.80809015108992
590 28.007402190962154
600 28.268813467944135
610 28.513887450365193
620 28.706838475165437
630 28.996651289020512
640 29.248987096010076
650 29.42976117949241
660 29.637121671932306
670 29.876029861005964
680 30.125847739249675
690 30.3516862632698
700 30.547100002622866
710 30.782942220132295
720 30.959775820443934
730 31.18500457170001
740 31.457309750383796
750 31.593912872394977
760 31.838581069434106
770 32.04382644782577
780 32.236431201413545
790 32.46647402037991
800 32.66031295480444
810 32.877800618827614
820 33.099992769830486
830 33.28974066412637
840 33.49750002487048
850 33.651951301296116
860 33.84680721277123
870 34.049970616118145
880 34.2604816078425
890 34.41256164477268
900 34.6506762400174
910 34.83185204221021
920 35.01498331881023
930 35.22332221881659
940 35.43903124970717
950 35.593051165943486
960 35.771229879122465
970 35.99650797977975
980 36.13747825755872
990 36.311997261354435
1000 36.512937249392955
1010 36.67400452565532
1020 36.86210539811179
1030 37.06531854847625
1040 37.26374168281881
1050 37.42002336576649
1060 37.59078302323963
1070 37.80616677141147
1080 37.99084343337376
1090 38.11634225138786
1100 38.32230530127768
1110 38.47079945903889
1120 38.61649590890424
1130 38.792031054097826
1140 38.982554213957116
1150 39.131195209663616
1160 39.33803020769949
1170 39.47077730790122
1180 39.65995339253449
1190 39.84518503005634
1200 40.00533666938194
1210 40.173649982773576
1220 40.33048411752022
1230 40.49070414457884
1240 40.66800137105241
1250 40.83137641749183
1260 41.01689078710843
1270 41.14476964444601
1280 41.30217698405515
1290 41.48253167504688
1300 41.646326094442806
1310 41.8514421767926
1320 41.94200649940003
1330 42.1334772366779
1340 42.332969186642714
1350 42.4040157090142
1360 42.57669616546414
1370 42.74610968134935
1380 42.90330632916609
1390 43.08416543328355
1400 43.21524723766674
1410 43.40395886168761
1420 43.54290213190281
1430 43.63690329851887
1440 43.82242245379953
1450 43.9844915791359
1460 44.13189693775683
1470 44.28885503720626
1480 44.4325953085475
1490 44.58560777724
1500 44.75692663854774
1510 44.86581171231386
1520 45.058918954226975
1530 45.17359557343761
1540 45.33250891949683
1550 45.485203539139896
1560 45.613930169128444
1570 45.749566130375946
1580 45.90964451268952
1590 45.99802928739739
1600 46.18166400291102
1610 46.32753719593295
1620 46.46147402795348
1630 46.60967239135419
1640 46.772221362068734
1650 46.90875014622189
1660 47.04392379305932
1670 47.1669222412568
1680 47.316930531321674
1690 47.50881954025872
1700 47.626007900626064
1710 47.75588344120508
1720 47.866434391178416
1730 48.0676342492181
1740 48.144738828036466
1750 48.328618136783575
1760 48.43720396744592
1770 48.559394590571046
1780 48.69491633768116
1790 48.82415084576735
1800 48.99247775662777
1810 49.1226543917739
1820 49.27832301514557
1830 49.350455573213004
1840 49.59939381339605
1850 49.71655011866689
1860 49.79137771349167
1870 49.88034875803636
1880 50.03845045262558
1890 50.21221909562013
1900 50.33046473036888
1910 50.48964539847874
1920 50.617290135817846
1930 50.7222950322709
1940 50.80812235060799
1950 50.98334172661683
1960 51.122537579473345
1970 51.24180369912713
1980 51.35883172035157
1990 51.50929268226504
2000 51.65521275964227
2040 52.17821636843778
2080 52.65370204013991
2120 53.1385878833991
2160 53.68721027713542
2200 54.170343162753724
2240 54.611738205887875
2280 55.12801587168454
2320 55.628052668479405
2360 56.079411712249495
2400 56.57868957669212
2440 57.038215389971704
2480 57.47318770449538
2520 57.96545459555718
2560 58.429341285885634
2600 58.8827991395991
2640 59.33902442017159
2680 59.757616121053125
2720 60.21725227469828
2760 60.64069170293349
2800 61.13585168904508
2840 61.51902400949231
2880 61.97391527240131
2920 62.36060057003277
2960 62.82349524326709
3000 63.281885953630365
3040 63.67828461372854
3080 64.08246450543825
3120 64.4936635456902
3160 64.93506311528964
3200 65.31580783322629
3240 65.71926510302103
3280 66.13695790887438
3320 66.530964743878
3360 66.97902331691859
3400 67.36691515869768
3440 67.72416144253374
3480 68.13674608295466
3520 68.49588639254775
3560 68.90347661842011
3600 69.26600203040059
3640 69.6886056601753
3680 70.01145544784771
3720 70.44364258942353
3760 70.79777072766446
3800 71.14204932790706
3840 71.51447477071979
3880 71.98096903209066
3920 72.32406975178012
3960 72.64309380153642
4000 73.05853661277085
4040 73.35044428551078
4080 73.7415646146709
4120 74.10291599851672
4160 74.51749015803662
