4 2.991890099429644
5 4.336975259310424
6 5.6689627057236445
7 7.358365797414395
8 8.991159322560549
9 10.789429019647015
10 12.50076648969583
20 36.233108767607895
30 66.93498752343525
40 102.83734195304301
50 144.0691080830378
60 189.0103361745635
70 238.34598995851312
80 291.004999403723
90 347.643485172379
100 408.3409277500284
110 471.17292080326825
120 535.6341615310572
130 604.339193369027
140 676.8937749521907
150 750.5183404308927
160 825.3699161772672
170 904.6685154093426
180 983.4886928244191
190 1069.796793650511
200 1156.137809558931
210 1239.5975422758963
220 1329.9542836109451
230 1422.6270276030937
240 1516.9658825630402
250 1614.1859980420354
260 1711.7129771505604
270 1808.5556689135615
280 1915.7960615468587
290 2015.691509116238
300 2119.6649159215312
310 2228.0197793964226
320 2336.1588233560196
330 2448.747793236018
340 2561.0357814926588
350 2674.3126914539866
360 2788.844911551611
370 2907.4499806113854
380 3024.708323712847
390 3146.9995248608016
400 3262.0596220919097
410 3389.9892823396945
420 3511.447804335842
430 3639.2500281709845
440 3769.7290354649385
450 3899.1031074903485
460 4024.7761305250833
470 4159.471099657709
480 4289.655047168545
490 4427.487810855637
500 4565.366465152993
510 4696.618924052081
520 4842.568410443784
530 4981.277189465012
540 5120.861291889551
550 5264.412624441542
560 5404.5205833816835
570 5556.39317874483
580 5699.6233932639025
590 5848.329830463178
600 6000.05860168859
610 6149.302840429414
620 6305.858961501861
630 6449.307614992867
640 6606.510102179119
650 6762.979824262481
660 6918.238448375554
670 7080.9777072212455
680 7237.475853035021
690 7398.764185963511
700 7558.519410782703
710 7721.111408058918
720 7885.46926690258
730 8054.748882966918
740 8214.657713149734
750 8380.933270782472
760 8555.048295413693
770 8721.41271120836
780 8891.025783173385
790 9060.408088996219
800 9238.135250319985
810 9407.490380279976
820 9580.388007087085
830 9765.00913132658
840 9935.620227651829
850 10119.71348411099
860 10298.00131999587
870 10472.053703969103
880 10653.700693092516
890 10831.391658269436
900 11020.593929506991
910 11208.10889106595
920 11388.457022782355
930 11581.587497092674
940 11769.7319089354
950 11942.471385377397
960 12140.58783112614
970 12328.335201619515
980 12527.367221996112
990 12723.140054891717
1000 12911.440928197924
1010 13106.140544610282
1020 13284.930132525347
1030 13495.536609098637
1040 13693.789246604701
1050 13883.84158986726
1060 14085.687666175061
1070 14294.275097353078
1080 14496.873178222582
1090 14682.934992529861
1100 14886.730865186557
1110 15111.167718628225
1120 15299.456153675372
1130 15502.34195516246
1140 15723.365295832285
1150 15910.867437098688
1160 16141.038010893959
1170 16335.05554638634
1180 16557.88598034317
1190 16764.561221415603
1200 16986.341352776217
1210 17184.822217742847
1220 17397.18335002196
1230 17616.02410471632
1240 17834.086788594796
1250 18018.789644329332
1260 18270.061808595696
1270 18471.166381146504
1280 18709.93704183881
1290 18908.7180249261
1300 19119.35090338797
1310 19351.526683393968
1320 19571.780052630707
1330 19795.140802511847
1340 20017.139208461787
1350 20231.678409669414
1360 20462.915061643
1370 20694.514226473548
1380 20941.451678223744
1390 21161.170458604116
1400 21381.990324475635
1410 21612.309030292934
1420 21843.646606116108
1430 22064.146336751397
1440 22297.479659707664
1450 22558.863407227866
1460 22780.826940901432
1470 23010.88751967717
1480 23236.816557726215
1490 23487.207899815694
1500 23708.840640749015
1510 23945.169265062745
1520 24195.349642803987
1530 24424.383573948202
1540 24653.66741347208
1550 24909.772548892935
1560 25155.34419859943
1570 25391.58029033755
1580 25648.454449916073
1590 25876.43729516248
1600 26137.051906700377
1610 26361.495253800014
1620 26615.972320883862
1630 26860.333568010374
1640 27122.914070618557
1650 27360.24692997867
1660 27605.337086694835
1670 27843.555904086435
1680 28111.13169392617
1690 28359.294683557415
1700 28609.81319731906
1710 28873.146372684107
1720 29111.784400907283
1730 29350.425175632674
1740 29608.169451932437
1750 29894.17198501633
1760 30142.72556517596
1770 30396.284147112136
1780 30630.699175096725
1790 30914.392595020596
1800 31183.81832600866
1810 31421.437137804787
1820 31696.44647473834
1830 31954.037036250033
1840 32236.67540261315
1850 32484.86364245827
1860 32759.29472337369
1870 33019.22957758318
1880 33268.79273469099
1890 33546.836604002114
1900 33796.42637339771
1910 34098.63007679603
1920 34349.79549461802
1930 34614.13980647574
1940 34879.99010135349
1950 35149.90393223002
1960 35427.76582790118
1970 35713.96305003011
1980 35965.69436065782
1990 36251.94642325669
2000 36521.41969808029
2040 37598.64292998124
2080 38741.38915225433
2120 39835.72136611589
2160 40992.55934402358
2200 42113.14325600715
2240 43270.51222848251
2280 44430.5963861799
2320 45575.61197970881
2360 46806.6941241648
2400 47986.70858806538
2440 49181.98719663737
2480 50408.270991392375
2520 51636.07587776258
2560 52853.02373546801
2600 54112.13217900924
2640 55414.63334403276
2680 56638.24202038768
2720 57924.891169606686
2760 59172.85532011074
2800 60476.36224013739
2840 61782.098897176256
2880 63087.84086237218
2920 64392.11618855444
2960 65732.6479712011
3000 67063.22729488274
3040 68397.86575585863
3080 69762.72181151596
3120 71134.84721882746
3160 72542.03178612691
3200 73860.73663887613
3240 75300.84705790263
3280 76716.8685431044
3320 78115.55569321793
3360 79520.97825970147
3400 80954.47042451298
3440 82363.66138458876
3480 83801.39122992575
3520 85257.29244935328
3560 86723.98547255142
3600 88142.18458259437
3640 89691.7240773504
3680 91114.85191710365
3720 92614.85018900783
3760 94106.73867469653
3800 95657.03311040871
3840 97096.99414745522
3880 98629.0288457189
3920 100235.02989897577
3960 101696.12389095873
4000 103301.98195114153
4040 104768.60802454551
4080 106400.11020635383
4120 107986.43302105404
4160 109507.97287976104
